00008973
00006202
00004625
00005469
00002038
00005916
00003405
00005533
00007004
00002469
00009853
00004992
00000361
00009819
00003294
00007195
00004036
00009404
00008767
00005404
00001711
00003214
00003100
00003751
00002139
00005437
00004993
00001759
00009572
00006270
00003789
00009623
00002472
00009493
00006170
00005589
00005408
00009576
00002200
00002411
00003123
00002052
00008482
00003484
00002949
00002855
00001758
00006985
00003337
00000524
00003468
00005048
00004818
00006568
00008800
00006957
00003083
00004871
00008716
00003733
00001140
00002504
00003356
00003612
00003076
00000604
00000279
00008484
00001258
00002479
00001974
00005461
00005610
00000455
00008945
00008560
00004389
00001781
00006623
00007727
00003385
00001169
00002774
00008203
00007737
00002652
00006238
00000820
00007523
00004953
00004553
00008664
00008536
00008988
00003354
00001611
00000671
00003634
00001174
00001929
00007192
00004227
00007390
00002802
00005761
00007414
00002440
00000150
00000273
00000141
00007877
00004737
00001311
00001729
00004018
00000126
00004382
00000255
00002025
00001904
00006287
00007658
00001646
00004823
00006645
00005001
00007513
00008395
00009714
00009766
00001403
00007984
00003992
00009872
00001864
00009754
00008364
00004304
00000982
00008638
00005525
00008859
00004453
00006836
00001666
00008472
00006962
00006048
00008727
00008988
00009032
00005014
00007724
00001756
00000915
00005447
00007836
00009507
00003842
00007549
00009273
00005245
00006612
00004343
00005116
00008476
00004096
00004559
00002780
00006157
00003196
00009384
00006094
00007649
00006219
00007761
00007199
00004259
00003808
00005926
00004325
00003918
00002018
00002048
00005675
00004012
00007496
00003510
00003518
00001337
00002138
00002790
00007661
00008750
00008213
00003855
00007225
00002308
00008414
00001083
00008466
00002688
00000466
00004559
00001416
00007764
00003398
00008615
00002023
00008286
00005619
00007427
00002203
00008716
00009476
00008957
00002727
00008050
00003546
00006246
00000465
00005684
00000114
00008126
00005512
00008327
00003059
00003815
00001714
00002552
00004899
00001258
00006319
00006444
00006896
00008814
00005287
00000294
00007429
00008389
00008580
00004126
00005815
00001861
00002842
00006369
00000818
00006648
00004418
00004364
00002893
00004883
00001126
00004087
00004087
00006638
00002413
00008226
00000452
00005206
00000777
00006430
00006464
00008175
00003953
00004439
00006989
00009240
00004733
00005496
00008707
00004391
00009622
00004521
00006252
00003542
00000890
00008149
00000190
00006387
00002512
00004162
00001270
00004717
00008249
00006436
00001354
00000662
00004661
00002886
00006947
00006517
00000394
00003411
00004692
00004347
00007850
00002759
00004665
00003661
00008255
00003371
00008052
00007876
00008972
00005382
00002497
00000940
00003531
00002687
00007327
00007122
00006849
00009676
00002918
00005098
00006112
00005351
00006839
00001851
00008237
00003785
00009448
00009711
00008275
00005218
00005136
00007203
00007977
00009802
00000863
00006231
00004251
00009994
00005185
00004301
00006455
00007682
00005241
00001064
00001447
00003647
00009265
00008297
00003322
00002182
00004473
00000512
00007534
00001311
00002364
00006849
00006175
00001811
00006559
00005529
00007029
00001695
00002731
00006084
00002575
00004674
00002314
00007905
00005746
00008578
00002206
00002200
00006260
00008526
00003264
00008786
00002172
00003608
00007082
00005495
00005790
00002633
00006007
00003323
00005023
00009450
00000172
00001198
00002339
00007810
00006727
00000446
00000583
00000536
00006530
00003158
00005210
00009923
00002142
00002035
00008501
00004348
00004235
00005839
00003952
00008579
00004624
00006125
00002186
00002785
00002698
00007976
00005418
00009784
00002378
00000441
00009234
00003629
00002718
00001572
00002517
00000523
00002019
00003101
00001059
00009628
00006259
00007349
00009551
00008401
00009384
00008051
00003827
00004697
00004968
00007780
00003275
00009592
00004983
00006540
00003455
00007681
00005595
00008874
00007464
00007973
00000393
00007776
00002680
00003111
00000427
00005197
00003634
00003525
00008298
00005772
00003152
00005636
00003120
00002702
00005115
00002503
00001831
00008943
00007201
00006799
00007801
00001554
00007470
00003862
00008095
00000924
00001542
00003689
00000876
00000084
00002740
00001269
00007861
00005420
00005459
00009367
00001695
00009093
00002891
00009994
00004865
00006043
00006708
00009064
00009825
00001822
00001567
00001655
00001843
00009847
00009534
00009644
00001400
00008082
00003505
00000573
00000084
00006126
00004262
00000961
00006211
00008081
00003309
00005150
00003500
00008769
00004516
00005196
00008940
00007407
00006268
00003804
00004528
00002975
00002868
00004352
00004797
00005514
00007087
00006641
00005360
00007699
00007363
00007839
00005780
00001947
00008413
00005864
00009152
00003753
00007904
00006441
00001834
00001213
00001590
00006413
00001060
00007185
00002687
00010000
00005670
00000033
00004883
00001277
00003008
00008830
00005629
00008885
00005422
00003794
00006604
00001860
00001492
00005045
00009699
00008351
00008071
00009190
00005294
00007223
00004022
00003197
00003663
00005856
00005489
00006333
00003347
00006549
00004596
00007114
00007628
00000266
00007147
00003589
00001543
00000155
00002418
00008251
00000118
00007840
00002045
00006722
00009700
00004616
00002845
00000476
00004046
00000916
00009667
00009340
00008139
00003688
00003615
00002880
00000622
00009105
00009213
00005048
00006732
00003809
00002161
00005438
00005154
00009309
00009027
00007776
00000542
00002523
00006026
00000660
00001441
00009150
00008461
00002219
00004845
00002384
00002696
00008891
00003300
00003441
00009309
00002517
00008208
00002923
00006477
00009909
00003106
00005689
00004956
00009839
00000576
00007118
00006355
00006809
00007505
00005382
00004584
00008047
00008984
00001689
00009786
00000425
00000838
00009325
00002644
00006762
00001708
00006419
00005652
00006088
00009860
00004960
00009684
00009146
00008963
00006160
00009054
00002068
00002928
00005089
00001906
00004583
00003285
00009341
00001392
00000789
00004722
00007055
00009915
00004784
00008744
00000778
00005209
00000661
00001181
00007854
00007423
00003968
00005351
00004154
00000055
00005211
00000192
00009740
00005435
00009155
00006978
00004489
00001223
00009906
00009578
00004208
00004489
00003941
00003548
00005881
00004730
00009349
00002935
00005723
00004133
00002758
00006501
00000420
00003419
00008761
00009353
00001920
00002728
00004704
00006074
00003863
00009915
00006267
00004681
00005349
00006500
00001658
00000916
00008802
00001564
00001572
00003010
00006053
00005513
00007637
00003012
00001321
00008065
00007026
00007044
00003276
00009784
00004623
00003696
00004281
00003383
00003049
00006202
00006112
00007753
00003354
00009975
00008746
00000699
00004655
00005173
00007200
00007392
00006090
00006001
00008956
00008741
00000089
00006087
00004254
00008806
00000177
00006654
00006870
00007204
00003698
00000145
00008066
00008321
00003841
00003426
00002783
00007969
00000706
00009974
00005721
00004060
00009948
00004466
00004760
00005681
00000718
00003038
00003072
00006808
00000117
00003107
00006627
00000207
00009194
00001959
00009013
00009372
00008614
00006961
00007654
00002311
00008185
00006798
00001710
00002025
00000223
00005572
00009995
00000929
00005545
00006794
00006069
00005492
00002339
00000828
00002251
00003057
00003866
00005324
00000943
00003983
00008431
00007570
00005269
00008703
00009530
00005360
00009153
00008143
00003399
00007885
00001532
00001583
00004683
00004321
00003609
00005985
00009894
00004682
00007994
00005438
00001475
00004062
00002009
00004893
00005969
00004260
00007950
00000913
00000662
00008893
00005975
00000171
00006463
00002323
00008875
00007071
00007683
00008027
00005213
00001082
00005912
00007824
00003744
00001673
00002144
00007353
00008737
00002037
00003113
00006730
00007476
00005668
00001870
00009485
00000560
00007839
00004823
00008511
00009831
00005486
00008482
00005806
00005657
00004944
00008129
00004531
00002014
00006890
00003637
00008306
00009051
00000627
00006129
00002795
00003379
00008274
00001226
00002115
00001389
00005419
00008846
00008865
00001086
00001794
00009428
00002725
00000712
00004251
00002314
00000542
00000815
00000796
00007427
00006472
00005740
00006634
00002082
00008834
00003524
00006798
00008218
00003653
00007425
00004347
00007527
00000803
00003699
00008754
00002918
00005088
00005251
00002842
00005032
00006337
00004637
00005538
00000140
00005349
00000867
00002455
00006970
00001682
00003251
00004397
00009234
00000069
00001030
00001315
00009982
00005633
00008113
00008200
00000365
00006616
00003625
00007892
00008498
00007324
00007724
00001415
00003490
00002974
00005337
00009601
00000389
00001052
00005139
00000530
00007480
00006006
00002985
00004449
00008768
00006236
00009925
00008001
00007384
00002034
00009316
00007366
00007667
00008507
00005565
00009111
00006201
00009190
00007003
00004698
00007592
00005805
00006113
00002160
00008780
00002528
00001761
00009169
00003580
00007979
00000777
00001059
00005063
00003762
00006588
00003830
00001076
00006512
00001830
00008461
00008546
00002224
00006905
00007292
00001809
00002469
00006402
00008010
00002737
00004483
00002707
00001407
00000288
00009900
00004646
00000146
00002427
00006407
00009315
00007087
00005464
00001171
00009225
00000527
00004933
00005812
00004357
00007089
00003403
00007267
00006628
00001948
00009491
00003532
00009240
00002379
00006001
00006721
00000388
00009817
00001203
00003096
00001223
00001491
00004074
00006948
00002716
00006501
00003355
00003110
00004666
00009898
00004281
00003891
00000424
00000292
00000781
00005861
00007381
00004184
00003127
00004008
00007212
00003696
00007540
00007530
00006075
00004619
00004250
00007543
00004435
00005454
00001717
00006737
00008024
00005791
00003685
00000740
00003370
00008119
00003850
00008037
00009095
00009210
00003006
00009520
00009502
00003787
00006459
00006883
00009051
00009586
00001969
00006262
00004360
00009510
00003791
00001514
00005207
00009121
00009057
00000721
00004574
00001852
00008537
00003676
00007643
00003300
00005495
00001012
00002497
00000423
00009049
00001592
00009633
00003133
00001111
00000213
00006921
00007570
00007096
00007050
00008234
00000143
00003311
00003672
00000731
00008181
00005186
00005939
00007301
00005321
00006660
00002953
00007173
00006275
00007709
00005894
00009576
00003203
00006907
00002072
00004706
00007034
00003664
00005417
00000167
00005854
00005630
00008167
00003423
00003804
00005216
00002735
00003948
00009606
00006408
00004679
00008865
00002672
00001696
00006166
00009073
00009435
00000197
00007324
00005710
00007906
00003218
00005285
00002188
00001203
00008436
00006894
00008237
00002100
00003389
00009483
00007954
00009020
00007649
00002456
00003902
00003943
00005191
00008929
00004627
00001598
00003608
00003492
00005350
00006383
00000736
00004422
00005818
00000933
00001745
00001527
00008840
00004963
00007891
00001027
00006166
00006326
00009000
00005482
00009505
00002388
00004964
00007459
00002486
00003692
00000993
00006389
00008714
00006184
00006396
00003341
00008862
00000003
00007912
00004211
00007466
00008648
00009712
00003283
00000659
00001456
00005889
00009499
00007499
00004858
00001604
00004743
00001183
00000603
00001303
00001767
00004071
00007347
00000304
00006557
00001038
00001297
00004024
00009752
00007481
00000420
00004171
00007421
00001502
00003161
00002710
00008968
00001808
00002421
00003329
00002468
00004957
00009218
00003045
00002455
00004075
00004650
00008277
00006338
00006332
00000659
00009184
00000402
00008006
00009488
00008039
00009044
00000784
00002062
00009874
00009344
00003561
00005124
00006765
00006143
00008285
00009475
00005110
00001172
00001896
00009519
00004719
00007932
00009815
00007764
00001465
00004969
00003492
00009742
00001306
00009825
00000400
00001568
00000226
00008406
00001055
00008265
00008528
00001839
00001406
00009481
00002261
00004967
00004604
00009026
00001109
00002888
00009580
00007299
00005139
00002554
00006817
00009858
00000485
00007710
00007622
00001950
00002678
00002192
00002770
00005063
00002016
00004250
00006631
00002243
00002655
00007686
00001586
00002262
00000603
00002992
00001742
00002865
00009039
00006346
00002969
00001226
00000312
00002548
00009604
00005452
00006181
00007499
00006388
00006666
00005209
00004009
00009695
00007887
00007281
00002465
00002950
00009297
00006715
00009581
00002618
00000448
00008346
00004205
00003789
00008949
00008276
00005531
00002892
00008393
00002955
00005862
00009620
00003268
00009489
00009223
00009799
00005670
00006722
00006186
00003414
00001930
00001274
00004188
00009817
00008555
00006653
00003845
00007851
00004446
00003426
00001548
00005973
00001771
00005753
00009763
00001798
00005107
00005293
00005770
00003500
00008249
00001631
00003119
00002595
00002198
00003420
00002393
00008947
00000141
00009658
00003440
00003150
00000931
00007628
00004046
00009486
00005359
00007891
00008416
00009805
00001316
00009964
00005777
00004166
00006795
00005539
00007044
00001901
00000832
00002813
00006480
00000159
00005523
00000677
00002754
00007721
00004098
00006226
00007747
00005318
00005883
00001186
00009548
00007894
00009893
00003593
00007379
00005251
00001483
00006873
00005055
00003879
00007915
00001910
00009124
00005788
00008529
00006167
00008769
00000439
00008980
00005248
00000598
00004502
00005926
00004431
00003302
00001102
00000656
00002127
00006420
00007618
00004392
00005967
00005511
00004284
00000638
00003969
00009535
00002122
00001920
00005668
00007080
00009836
00008657
00006203
00005623
00007185
00002370
00004391
00007624
00002428
00000718
00009301
00006931
00006644
00003731
00001311
00007746
00005466
00003438
00005244
00003084
00007830
00002290
00008595
00002113
00002928
00003642
00002726
00006129
00005563
00009473
00003208
00005398
00009208
00000490
00002099
00006393
00002860
00007570
00005095
00005288
00008288
00004396
00003297
00006010
00008127
00004608
00004834
00004672
00008046
00000077
00007756
00006954
00003446
00007429
00000145
00007454
00002150
00002871
00003582
00007713
00003422
00007870
00004189
00002630
00008360
00006288
00000101
00001219
00004936
00006275
00007586
00003223
00000670
00001962
00000311
00009877
00006570
00005145
00004548
00005695
00006302
00003382
00003727
00009748
00001889
00003873
00007201
00004039
00006744
00001862
00001751
00001245
00009732
00007019
00004954
00009170
00004386
00006134
00001467
00009322
00002408
00009053
00003624
00003079
00001014
00003935
00004034
00008664
00009081
00009661
00005437
00005382
00003042
00009164
00006208
00006010
00003036
00003409
00000049
00000859
00006350
00002879
00003183
00007160
00009899
00008137
00006329
00004284
00004270
00007796
00004684
00007757
00007927
00008308
00001914
00008942
00002243
00005948
00008684
00001323
00005608
00005199
00006705
00009729
00004362
00002912
00006818
00008478
00007400
00007946
00000415
00004828
00000824
00003598
00001987
00001801
00001734
00008316
00007164
00007083
00006111
00001848
00005918
00004038
00000155
00007833
00004058
00002398
00003780
00003820
00004800
00000467
00009019
00002583
00001274
00004459
00006575
00009171
00002936
00003974
00007116
00003351
00009882
00009020
00008028
00001868
00000820
00000840
00001263
00009064
00007923
00008453
00000911
00003841
00003569
00002145
00002752
00007627
00005623
00007611
00002525
00000422
00008078
00002622
00003006
00000431
00007082
00009581
00009602
00001096
00004633
00007797
00005527
00005593
00006816
00003554
00007462
00008715
00004395
00009804
00007778
00003396
00008256
00009768
00008316
00001825
00001913
00001067
00000530
00008615
00008679
00004135
00000115
00007835
00006757
00003121
00009345
00003838
00003780
00008947
00004935
00009493
00006743
00001540
00006164
00004637
00005094
00004704
00003351
00000567
00004507
00001129
00003964
00002763
00000896
00003358
00005667
00003888
00004426
00006197
00002502
00004183
00000331
00002618
00002017
00008168
00006818
00001362
00002005
00001677
00001387
00008019
00002248
00009209
00009559
00008412
00003845
00005732
00003116
00007196
00006299
00008702
00009404
00001341
00001464
00001379
00004700
00008210
00005267
00000204
00005486
00008849
00004387
00006896
00002545
00007483
00005063
00000441
00009924
00007069
00002118
00002389
00006166
00005445
00001597
00006804
00004936
00006521
00003614
00009131
00004796
00000991
00007832
00004199
00002333
00000375
00005578
00008112
00008585
00001924
00008316
00004070
00000772
00003781
00000966
00003317
00002342
00006029
00003758
00002266
00004176
00006956
00004655
00001421
00003479
00007332
00008225
00008415
00003852
00002917
00007545
00009727
00003908
00005377
00003926
00007320
00006831
00000582
00005431
00005415
00002506
00004825
00009486
00004357
00009685
00001530
00007674
00002027
00007559
00002511
00004293
00002814
00000545
00000026
00004235
00004024
00007358
00003538
00003518
00002289
00006455
00002141
00002015
00000362
00007518
00007020
00007683
00005427
00008682
00004192
00000842
00001187
00009018
00001406
00005545
00008702
00002936
00004297
00001807
00001573
00007887
00006100
00004387
00008432
00007206
00009701
00003535
00004563
00003238
00007053
00007931
00000771
00009194
00001025
00001134
00007791
00009124
00009896
00003217
00007805
00005166
00005138
00008993
00005262
00006544
00005616
00005043
00009480
00009913
00006850
00001053
00008879
00004029
00006519
00007310
00001234
00006220
00001923
00006876
00009458
00000054
00004807
00000229
00009249
00006911
00002442
00008118
00006034
00003416
00002413
00004918
00008582
00007552
00004989
00004923
00004095
00000604
00009966
00004654
00001595
00006815
00005707
00001552
00000843
00002225
00008863
00002077
00008445
00001864
00008954
00008982
00001919
00004839
00000289
00002246
00002828
00002731
00000363
00009941
00007226
00003855
00004858
00006886
00001406
00009847
00001808
00006581
00001529
00001773
00001234
00004204
00008589
00006941
00005756
00000510
00000244
00005697
00002588
00009769
00007562
00002620
00008750
00000559
00008538
00009039
00002805
00001365
00002848
00003168
00001305
00001152
00007023
00007243
00008038
00009509
00008168
00009847
00006089
00000776
00001619
00007323
00006059
00001286
00005342
00002893
00001797
00005586
00008591
00005464
00006433
00007231
00008084
00005182
00008869
00006621
00005299
00001673
00009065
00009226
00005920
00000369
00000377
00004021
00008691
00008416
00003529
00006859
00009341
00000696
00007635
00000959
00008019
00003693
00002246
00004439
00006586
00005122
00000025
00006255
00000585
00007537
00004564
00008669
00002719
00003432
00006368
00009097
00005105
00005432
00009402
00002103
00006880
00009779
00006125
00005571
00009273
00009654
00003508
00008613
00000350
00001142
00000651
00009448
00005914
00003976
00003887
00002499
00009098
00004991
00009834
00009683
00002527
00005476
00009430
00006325
00008909
00005797
00005422
00005092
00002307
00005902
00007196
00009187
00005680
00003320
00005836
00006032
00004052
00009344
00005723
00004402
00001564
00006374
00004929
00007478
00000349
00008816
00001056
00009447
00004885
00001968
00000207
00008491
00007444
00009637
00004816
00006352
00005433
00001316
00002523
00008819
00007218
00009719
00009085
00003976
00004117
00004920
00001086
00008169
00005343
00006810
00003650
00007986
00004262
00008579
00005464
00004612
00008473
00007599
00005137
00003357
00009567
00006424
00001847
00008089
00006060
00007742
00004441
00002572
00009058
00008043
00001390
00007354
00007761
00000474
00002409
00001877
00006474
00003495
00000045
00002895
00000304
00003695
00000880
00004567
00003352
00006344
00000257
00001824
00005021
00006473
00006260
00005666
00002896
00009187
00003755
00000035
00006928
00009275
00002607
00007065
00007317
00005076
00005497
00005077
00005551
00007906
00008033
00003103
00001401
00009157
00005998
00002784
00002852
00006878
00008430
00007283
00004301
00008687
00009108
00009322
00006239
00005367
00006067
00009135
00004553
00009822
00000248
00002560
00009096
00002855
00000703
00006412
00007932
00006200
00002567
00004561
00004106
00000599
00008743
00006586
00009756
00004740
00009370
00003686
00002696
00007800
00000969
00006997
00007565
00001155
00007398
00003803
00006522
00004543
00004017
00002154
00004364
00004265
00005793
00004538
00008200
00006496
00000949
00007210
00003774
00004595
00002849
00007880
00005194
00001591
00004465
00006028
00006331
00004914
00000793
00000105
00003792
00001762
00008182
00001356
00002917
00006658
00006239
00000517
00001200
00000255
00003750
00005564
00005599
00000621
00000101
00004877
00007117
00002129
00002086
00000891
00006724
00004935
00009850
00002996
00007605
00005394
00000102
00005014
00001386
00000895
00005120
00005178
00003736
00003301
00006534
00007732
00009959
00002772
00008250
00001158
00004106
00003078
00007801
00000784
00003700
00008981
00005661
00001895
00001109
00008827
00003865
00008912
00004840
00003715
00001907
00002445
00000187
00002009
00008538
00001573
00003984
00003657
00006751
00007720
00008037
00004363
00005452
00009074
00008215
00004780
00001310
00002320
00008937
00009111
00004183
00002636
00008091
00000923
00005611
00000278
00000828
00009476
00009190
00005668
00004269
00002175
00009192
00004456
00004185
00007730
00007108
00009248
00002465
00003858
00006967
00000502
00009301
00003497
00000654
00007515
00009356
00001965
00000913
00008293
00002154
00005097
00002007
00001324
00006020
00007618
00001602
00006848
00008173
00001871
00003594
00002441
00004046
00002786
00007977
00009310
00001594
00006163
00008557
00005138
00001100
00006603
00005640
00000400
00000099
00007374
00007915
00009456
00009339
00008828
00008827
00002571
00003924
00000833
00003895
00001022
00009531
00006577
00008949
00007703
00008448
00002543
00001222
00003572
00006408
00000277
00002882
00009081
00006441
00002517
00004218
00007541
00009120
00000937
00007941
00009220
00008311
00005855
00009754
00008728
00005761
00008580
00001298
00009686
00000491
00005194
00001786
00000021
00002849
00000735
00008803
00002375
00004357
00000025
00005947
00000764
00001381
00009908
00000923
00007822
00002425
00005141
00006441
00001544
00006078
00004381
00001842
00005467
00001314
00002674
00004194
00007076
00002332
00005493
00007840
00002824
00001765
00000704
00002845
00005693
00001439
00001648
00008068
00006875
00002752
00005093
00008718
00004133
00005001
00009641
00001955
00008505
00005861
00009475
00001127
00001938
00003856
00004049
00008485
00006249
00006723
00002678
00004403
00009056
00009250
00003321
00001879
00002093
00004026
00005803
00008865
00006544
00008530
00006932
00003419
00001281
00003104
00003215
00006494
00008105
00002856
00009528
00007688
00008717
00009002
00008815
00001733
00002857
00003942
00000217
00000185
00000665
00003975
00005667
00000799
00004303
00008989
00003757
00007476
00004093
00009560
00006340
00000636
00009169
00003272
00005134
00000449
00007455
00008350
00006943
00005559
00002284
00006470
00004325
00001000
00005472
00004218
00003812
00009408
00008161
00005109
00000671
00008826
00009084
00006339
00000703
00004465
00006406
00004460
00001940
00000498
00005098
00008281
00002213
00004266
00002631
00008427
00005795
00000085
00007855
00003816
00006723
00000138
00001365
00002126
00002217
00006837
00006344
00007108
00007323
00004504
00002216
00009074
00004408
00002378
00005412
00005111
00006844
00001817
00000649
00008784
00003394
00005748
00008143
00005607
00001092
00001852
00004033
00006887
00003016
00002966
00000703
00000817
00003104
00003147
00002943
00006400
00001062
00009288
00003508
00008385
00003791
00006803
00008537
00008200
00009182
00003948
00004389
00006025
00006844
00005039
00005887
00001316
00001865
00005109
00006924
00002957
00006961
00002035
00000923
00009978
00005002
00002705
00001873
00009185
00005852
00004817
00006664
00006914
00004104
00001250
00006377
00008974
00008053
00004914
00007173
00007234
00009941
00002641
00004337
00007864
00007680
00000224
00009180
00009545
00005333
00007182
00003580
00003372
00000296
00005582
00004428
00006377
00008287
00006302
00006640
00004138
00001118
00003303
00002130
00006301
00005632
00008508
00005274
00003685
00004500
00002447
00001997
00004440
00005088
00006335
00003382
00003846
00007638
00002562
00004469
00002970
00000822
00009128
00007421
00001118
00004710
00001849
00007495
00002996
00009230
00004135
00008214
00000347
00008517
00001422
00006648
00004149
00009930
00001921
00008913
00005508
00005447
00000909
00001027
00001613
00007244
00004409
00006538
00005960
00008050
00001006
00008930
00008873
00001213
00007430
00009991
00005923
00000357
00008565
00008919
00009587
00003778
00008211
00001012
00002294
00009634
00007660
00006443
00000641
00000659
00006434
00006150
00007186
00007344
00007177
00009878
00005666
00001585
00007495
00001626
00009636
00009580
00001634
00009587
00000792
00009064
00009577
00006715
00009421
00009220
00006713
00000085
00002997
00004923
00001097
00005292
00004556
00009836
00002813
00006277
00000495
00009248
00002426
00008760
00007670
00009603
00009716
00003335
00002266
00007210
00004961
00002980
00006790
00007675
00002566
00007582
00007817
00003222
00004297
00007238
00002441
00002088
00007323
00005439
00007011
00009500
00001809
00002646
00009335
00005701
00008923
00000908
00006027
00001348
00009668
00003696
00002029
00009384
00008111
00005374
00007672
00004150
00008355
00004461
00001824
00000920
00003122
00009642
00005221
00007419
00007958
00007663
00009507
00006359
00004180
00007596
00005858
00007068
00000241
00005193
00003847
00000242
00006101
00009875
00002669
00006848
00004649
00004698
00007310
00002759
00001151
00004981
00006910
00009506
00009443
00008734
00001504
00003643
00009454
00006726
00002140
00007411
00005467
00002725
00003770
00000725
00000320
00000706
00008872
00001641
00005899
00002718
00001883
00003079
00002592
00005632
00009927
00007242
00001408
00007236
00001079
00002559
00002216
00007989
00002064
00002737
00007802
00003569
00006380
00007255
00001373
00008520
00005745
00007919
00001244
00000593
00008644
00002644
00001299
00008594
00004285
00007199
00001311
00007247
00000277
00004983
00002878
00000203
00003303
00004287
00008518
00004382
00006846
00000733
00002371
00009990
00004550
00001251
00004637
00000929
00008506
00006010
00000528
00005329
00003928
00002851
00005922
00003650
00005495
00007222
00002243
00009780
00005499
00004633
00008106
00006855
00009616
00000983
00007058
00002918
00006349
00006654
00008380
00003195
00007387
00000750
00003184
00003015
00003080
00007821
00005024
00002664
00004909
00005552
00007994
00009916
00008403
00003915
00004644
00003898
00002215
00007966
00004756
00007714
00002598
00002861
00004568
00002214
00004924
00002704
00006211
00001272
00009358
00004590
00004467
00007824
00006419
00008730
00000838
00009499
00007629
00006941
00003242
00003616
00002492
00001235
00004610
00001974
00005150
00009254
00006951
00008445
00007219
00001706
00006158
00000896
00005647
00000726
00004189
00000570
00003430
00000399
00002921
00003867
00006069
00008468
00001690
00003566
00007197
00003607
00004144
00005905
00000548
00007386
00009521
00004119
00008621
00005210
00006093
00004849
00004463
00004122
00003293
00002761
00006908
00009452
00003657
00002554
00001256
00007846
00004203
00005765
00009324
00007124
00000710
00006471
00005591
00003479
00000037
00003867
00007087
00004181
00009772
00008714
00001566
00000370
00003911
00001265
00006659
00001083
00006114
00001122
00005205
00000486
00004962
00002112
00001016
00009698
00005745
00002272
00007543
00001026
00009116
00007945
00008151
00009827
00004416
00004820
00003305
00004453
00008687
00001470
00009713
00009537
00001262
00001278
00000986
00005174
00002543
00007645
00006257
00009736
00009846
00001461
00001300
00004807
00004653
00002316
00004504
00001476
00005667
00003125
00002503
00005862
00001070
00000653
00005688
00006565
00005473
00000071
00002096
00005239
00001542
00001808
00005854
00002804
00003086
00006840
00007978
00006708
00005564
00005313
00007522
00005409
00007854
00008823
00001295
00002506
00002217
00006878
00003982
00008964
00000003
00006485
00004825
00002152
00008217
00000512
00009796
00004769
00000583
00001891
00001086
00003204
00003699
00006940
00006009
00006785
00004859
00005065
00004571
00000422
00000378
00003171
00006910
00009311
00003072
00008205
00001816
00005290
00005083
00006877
00004253
00006165
00004441
00009078
00008317
00003736
00000668
00008112
00008505
00001251
00000002
00000669
00005535
00004780
00007610
00001543
00001564
00003547
00007687
00007214
00003969
00009144
00000384
00001957
00008454
00003457
00000162
00001348
00009826
00006324
00009305
00005157
00002488
00003745
00004234
00001883
00007481
00004902
00001073
00007065
00007232
00001075
00007734
00002766
00005855
00006422
00005388
00008498
00009969
00004154
00006790
00005016
00004376
00008253
00006974
00002830
00002788
00008215
00005257
00002613
00004538
00004561
00007770
00008105
00008306
00003082
00009988
00006866
00009063
00001060
00005009
00007374
00003214
00003821
00001218
00000147
00000243
00007686
00009724
00001290
00001839
00007592
00007386
00006215
00005844
00005438
00000123
00008633
00004731
00005381
00002324
00009269
00009942
00001173
00008452
00009327
00004255
00008439
00006192
00004397
00000577
00001200
00001770
00004870
00006100
00002988
00005017
00006343
00001752
00005819
00008713
00003591
00003410
00007177
00000885
00000332
00003693
00002087
00008965
00008424
00007468
00002368
00007692
00008489
00003541
00006143
00007815
00008875
00005660
00005085
00003271
00007316
00007364
00006120
00002185
00003463
00000187
00008281
00000885
00001939
00004099
00009598
00005531
00008588
00007853
00007495
00008920
00001545
00009582
00008964
00009969
00008129
00001331
00008739
00006617
00004872
00005960
00004431
00003746
00002698
00009516
00008097
00000013
00006879
00004216
00002198
00000341
00004403
00001557
00002305
00006343
00006735
00002981
00002952
00005322
00000833
00000446
00005320
00003457
00001106
00004283
00003425
00009235
00006693
00003242
00005851
00001564
00009202
00001360
00006390
00001899
00001954
00004486
00002991
00009912
00009781
00006268
00000253
00004184
00007825
00003637
00001605
00005638
00006619
00004557
00000959
00007452
00006082
00007359
00000909
00007188
00002720
00005413
00007502
00009414
00008656
00003352
00000977
00008936
00005792
00008446
00000835
00007746
00002931
00004905
00007658
00002712
00001173
00008990
00007975
00000076
00002626
00009580
00005715
00009245
00005215
00007753
00007776
00001296
00005111
00008685
00009563
00007832
00005176
00007064
00007245
00003831
00001495
00009301
00002767
00007287
00007747
00004681
00005032
00001756
00009586
00003768
00005547
00001837
00002757
00004600
00001914
00006463
00004179
00007629
00005707
00009394
00005381
00003482
00001768
00000492
00003245
00001331
00009403
00008422
00008395
00007726
00003331
00009890
00007026
00006098
00008255
00005851
00001857
00004366
00007608
00002522
00008134
00004233
00004359
00001970
00008834
00006273
00008433
00004091
00003901
00004139
00004564
00000361
00008701
00006332
00001932
00003024
00007663
00001334
00001445
00007137
00009060
00005856
00008105
00007164
00003032
00006360
00003015
00004890
00000725
00001701
00007412
00009938
00007013
00002849
00001907
00005846
00000201
00000339
00001016
00005181
00005558
00005580
00005542
00005337
00001911
00007474
00008361
00000653
00009887
00000885
00007790
00008946
00006741
00006973
00007189
00009773
00003332
00001282
00005741
00005136
00004062
00004231
00006153
00001074
00007081
00008060
00008000
00007282
00009479
00009016
00003541
00006115
00004595
00009084
00002530
00006506
00006557
00001969
00008238
00007523
00002854
00006027
00007547
00000673
00003000
00004735
00001525
00007411
00006017
00007266
00003626
00000078
00002576
00009779
00002232
00009657
00008917
00000231
00008017
00009474
00000325
00001557
00006667
00004920
00001719
00009197
00002504
00009356
00002245
00000742
00006878
00006178
00007848
00004424
00006852
00001926
00000238
00009456
00000416
00006255
00006721
00004042
00007413
00009297
00004899
00000723
00000031
00004894
00000954
00009127
00005447
00002358
00001763
00003192
00007278
00004561
00003468
00000860
00003916
00005713
00002681
00001872
00001890
00000529
00006297
00009821
00003534
00006535
00009276
00003950
00003868
00007076
00009071
00002359
00007451
00003969
00003082
00008562
00009943
00005115
00007688
00006468
00007473
00000529
00009660
00005829
00006170
00003127
00006690
00000085
00008840
00009371
00001958
00000730
00000978
00009334
00001629
00004513
00006947
00000905
00008463
00001893
00007981
00007534
00004253
00005431
00002581
00008414
00003992
00003602
00003529
00002759
00000069
00002080
00004367
00009730
00007910
00000536
00003935
00005678
00001701
00002775
00006127
00004738
00004584
00007106
00004071
00006213
00002697
00002096
00008197
00001159
00003989
00006177
00009772
00009321
00001608
00003432
00007735
00006679
00007034
00001263
00009438
00008183
00004422
00004884
00008991
00002331
00005420
00002925
00008009
00007121
00006779
00004136
00001858
00001362
00002320
00007008
00008655
00005017
00009104
00006851
00007255
00004172
00003028
00007027
00003492
00005715
00001537
00001226
00003472
00009650
00003568
00003989
00007832
00007991
00008873
00006822
00001400
00005371
00000826
00000488
00002492
00007605
00005703
00005429
00000046
00008023
00003516
00008701
00004118
00002619
00005551
00001372
00007870
00009658
00009478
00001362
00006451
00001014
00003667
00001002
00000664
00008315
00004991
00009575
00006305
00004942
00007476
00008784
00000312
00008302
00009272
00003883
00005906
00004974
00000391
00005952
00004075
00003907
00005731
00008193
00007605
00002361
00000644
00005475
00002018
00000121
00006837
00009549
00002215
00001582
00000550
00003958
00009897
00006620
00004611
00007280
00001561
00002086
00006064
00001873
00000387
00006414
00006836
00007373
00001388
00007227
00004403
00006542
00001133
00001213
00005814
00008738
00003574
00006458
00004212
00006671
00007658
00002127
00007298
00000951
00003710
00007848
00004909
00004685
00004467
00000599
00001965
00007107
00002685
00008029
00008981
00004152
00004442
00005816
00002603
00006909
00003042
00008085
00003451
00005254
00009298
00009265
00003991
00002871
00006801
00008204
00000621
00004458
00001409
00007919
00006489
00005119
00006846
00002476
00009805
00002391
00003075
00002848
00009499
00005761
00000876
00009558
00000991
00006397
00006452
00003594
00004385
00000572
00001678
00008915
00005826
00000976
00009258
00009817
00004926
00006058
00009099
00005547
00001594
00000508
00003466
00008083
00006706
00000311
00001638
00007589
00002702
00004713
00000436
00003279
00000473
00001312
00002836
00001464
00008789
00009288
00006137
00004252
00009860
00007816
00003166
00005685
00009871
00002423
00006581
00004796
00009560
00005679
00001422
00002232
00007266
00004888
00001394
00003972
00006278
00003032
00001560
00000058
00007745
00001997
00003338
00009298
00004388
00006174
00001840
00004255
00006541
00007978
00008507
00006400
00006872
00001672
00003164
00006742
00005174
00009745
00001537
00005812
00006502
00002959
00009124
00003768
00008926
00000517
00007740
00006282
00004628
00000378
00006341
00003451
00002375
00000757
00002748
00007843
00008010
00005668
00002097
00004550
00003645
00000604
00002029
00001595
00003355
00006272
00008337
00009609
00006016
00000952
00006499
00003596
00004991
00005622
00007364
00003916
00007218
00006182
00001277
00002924
00007640
00008697
00006376
00000014
00009454
00000202
00008936
00008542
00005870
00001033
00004171
00000593
00002716
00007279
00002188
00007150
00003550
00001603
00006758
00000644
00002556
00004336
00004240
00007547
00001036
00002683
00002541
00008255
00009944
00004897
00002257
00007583
00003593
00008633
00008677
00004125
00008836
00007612
00003746
00005784
00009724
00007917
00006378
00002439
00005195
00009645
00009590
00008745
00001248
00007426
00009389
00004883
00001761
00004707
00002429
00002798
00007390
00006049
00002131
00008413
00000946
00004388
00005995
00005618
00003021
00005750
00000822
00002935
00003362
00004568
00008719
00004164
00002484
00006175
00006604
00008758
00005820
00006193
00007502
00008147
00003618
00007969
00003029
00005380
00002675
00006537
00009257
00001144
00003664
00001387
00009557
00005689
00005775
00006630
00001307
00009875
00003459
00003208
00002809
00007900
00007776
00002607
00002063
00000259
00008782
00008667
00000095
00005680
00005938
00007597
00003826
00009557
00006644
00007934
00006015
00000397
00004470
00006350
00001541
00009214
00007737
00002176
00004902
00004590
00009886
00007288
00004465
00003344
00000495
00008353
00002322
00009350
00000959
00004385
00000687
00000820
00003052
00000782
00006500
00008990
00009458
00001405
00009625
00006101
00009339
00006718
00006499
00004888
00003067
00009119
00005180
00001882
00002374
00000081
00006473
00003338
00008449
00002016
00007761
00000022
00000368
00000082
00009373
00002407
00004467
00000059
00003227
00008598
00000842
00000805
00008667
00000299
00002210
00009370
00007480
00002628
00006088
00003978
00008595
00000233
00004175
00003774
00002116
00006549
00003855
00008589
00000965
00003382
00000604
00008726
00003405
00002051
00008808
00003856
00005537
00004354
00003915
00009843
00002951
00005836
00000648
00002696
00006136
00003937
00002066
00004694
00007644
00009233
00009751
00006238
00009466
00003925
00000011
00001581
00001553
00004946
00000169
00002518
00008328
00001852
00001244
00002811
00004983
00000051
00006667
00000519
00004405
00000582
00001441
00008436
00007497
00002089
00001131
00004711
00007105
00004276
00009405
00004749
00003508
00009155
00002065
00002974
00003080
00002077
00004555
00005712
00007023
00005804
00008230
00006429
00008735
00009474
00009241
00004796
00000604
00005907
00005316
00006088
00007568
00006757
00004523
00005065
00009925
00006734
00009776
00008108
00001009
00009181
00003935
00004518
00008335
00006001
00008571
00002493
00009157
00003125
00008205
00006179
00000007
00006435
00002607
00009822
00006987
00002926
00004617
00008670
00008834
00001011
00004758
00007480
00007768
00000359
00002544
00008771
00008172
00003399
00007958
00000260
00002579
00001892
00004778
00001992
00008972
00004427
00005565
00008128
00008631
00003769
00004306
00008639
00001282
00007993
00009539
00009349
00000918
00004155
00008018
00000830
00005167
00003854
00008311
00004013
00005293
00001933
00003863
00004543
00005332
00001820
00004803
00008990
00004791
00000659
00002061
00003763
00005086
00007626
00001890
00003717
00001394
00007276
00003434
00003756
00006347
00002972
00003104
00008344
00007127
00002200
00009175
00003372
00007134
00008564
00007386
00002426
00000496
00002327
00006969
00006908
00004147
00002851
00005897
00000016
00003510
00007958
00003779
00008597
00005583
00006749
00002313
00008057
00004024
00005747
00001812
00001449
00009798
00005995
00009793
00006924
00008195
00000045
00001375
00005328
00008609
00009840
00008833
00000184
00002166
00006881
00007092
00007392
00009732
00004067
00007408
00004320
00002025
00001187
00002916
00008687
00009015
00006308
00007822
00004117
00003133
00000712
00005566
00002930
00006707
00005358
00000933
00005981
00005404
00002308
00002387
00005091
00002147
00002299
00005275
00004313
00009180
00002366
00001704
00009990
00007513
00000190
00004309
00009538
00002456
00008305
00009303
00001470
00004612
00008204
00005587
00007746
00008916
00002231
00001754
00006702
00008669
00002687
00003761
00005151
00004995
00007227
00000241
00008221
00009526
00006596
00002533
00009784
00000040
00005316
00009773
00007553
00006586
00005161
00008169
00009042
00003465
00007472
00000512
00009156
00005675
00007178
00007980
00005669
00000488
00009735
00002370
00009157
00003500
00007210
00004307
00009575
00004437
00005627
00007795
00003962
00002222
00001407
00004825
00002263
00007802
00005676
00009816
00004387
00000836
00007985
00003429
00005380
00006535
00005020
00004536
00003288
00003276
00002515
00000035
00003764
00002249
00003485
00003999
00005750
00000694
00009385
00006403
00005131
00005012
00004197
00000172
00008313
00005604
00004997
00001654
00004485
00001751
00001470
00008872
00002588
00000533
00003379
00009047
00008147
00008399
00003582
00002513
00002754
00006098
00002548
00006518
00009426
00006033
00001596
00006254
00006728
00000980
00002656
00002937
00007071
00007933
00003109
00005384
00004615
00009185
00007038
00009100
00002015
00009587
00007972
00005682
00001198
00002429
00004728
00009345
00001907
00008311
00001857
00004661
00005487
00005485
00002257
00005991
00001517
00003853
00002245
00009324
00004834
00005980
00002261
00001904
00003912
00006449
00008367
00008528
00006713
00005405
00007627
00008728
00006070
00006677
00004409
00007269
00000185
00009137
00006613
00002092
00008526
00009550
00006753
00004012
00005034
00009010
00001082
00007630
00003942
00003327
00006954
00009855
00009307
00009215
00002837
00004298
00005663
00001204
00002825
00002375
00007688
00001530
00002181
00003757
00009287
00006590
00002104
00009472
00006806
00009797
00002642
00005331
00009346
00009395
00000422
00005458
00009483
00001504
00003087
00004503
00005910
00000040
00004357
00006295
00000333
00007195
00001671
00005997
00008399
00004496
00009451
00007165
00007106
00002711
00002000
00007471
00009301
00004105
00008021
00007185
00003901
00000662
00003595
00004325
00001135
00004017
00009783
00000617
00006600
00003948
00005121
00003588
00003989
00000556
00000961
00004322
00007751
00002633
00001397
00007228
00008208
00001927
00004392
00005313
00004638
00007472
00003862
00005017
00001576
00001882
00002202
00005477
00003623
00005797
00009802
00004758
00000892
00000662
00005376
00008571
00004610
00001575
00003237
00009678
00002131
00004198
00005079
00000961
00006831
00007555
00009268
00005039
00009482
00004739
00001430
00005198
00002210
00005293
00001294
00003786
00008254
00003496
00000341
00001877
00000371
00001221
00007714
00002342
00001883
00003089
00001991
00007572
00005743
00005228
00007250
00008954
00009426
00002328
00000993
00007336
00000961
00000260
00002374
00001522
00004999
00004883
00006720
00008288
00001254
00008014
00003152
00009509
00002588
00003493
00002464
00004038
00004714
00000177
00006380
00007676
00004346
00008371
00005248
00001167
00004677
00003576
00001199
00004103
00006983
00002192
00001438
00007944
00003532
00004891
00009466
00009610
00009774
00007265
00007898
00001028
00006357
00001049
00001615
00000024
00004543
00005158
00004062
00000335
00006414
00001521
00009091
00000759
00000970
00004338
00003006
00005648
00008993
00004205
00000829
00005975
00006398
00003346
00004997
00009930
00008237
00004463
00009539
00009089
00002806
00008515
00001195
00009163
00009565
00003889
00000265
00005186
00000125
00004328
00006600
00006540
00006928
00005690
00008378
00007898
00000027
00001383
00003545
00009020
00005589
00005453
00006073
00003065
00008799
00001070
00004073
00008114
00006612
00004690
00008282
00009418
00003205
00009477
00009659
00003848
00004445
00009925
00009034
00004570
00005331
00005633
00002188
00002258
00002402
00000566
00000155
00002429
00003028
00004780
00002528
00009696
00000232
00009680
00002760
00009032
00000749
00007912
00007145
00008440
00002602
00005426
00008936
00006886
00005982
00008595
00001812
00001505
00009598
00001924
00007154
00004928
00007557
00009343
00007186
00001037
00000987
00008420
00003467
00004015
00003199
00007074
00003711
00003432
00007832
00007550
00002463
00009661
00005462
00000686
00008100
00009143
00007192
00007036
00007107
00004252
00006709
00008919
00006836
00006306
00000842
00003989
00001233
00009478
00004410
00009498
00000515
00005397
00007917
00005061
00009413
00001116
00003213
00003123
00005627
00001044
00000672
00009169
00000704
00007213
00009855
00009884
00006355
00008125
00006919
00004540
00003455
00003627
00003458
00000290
00001011
00004300
00004280
00002244
00003778
00008690
00002820
00005372
00004087
00000736
00000432
00004578
00001852
00003645
00008780
00007479
00004689
00000530
00007726
00006473
00007744
00007581
00006356
00005177
00006784
00003274
00009718
00000239
00007980
00003175
00000529
00008991
00008555
00005888
00002313
00003411
00004578
00005133
00008783
00009744
00006948
00009215
00005400
00009880
00003938
00004179
00008437
00009706
00004709
00006163
00006178
00003531
00003743
00002533
00008709
00001605
00006886
00009505
00001844
00005944
00002679
00002374
00006013
00002312
00009341
00008326
00005723
00003918
00004537
00004505
00004740
00001485
00004798
00000139
00001364
00008736
00004318
00000879
00008442
00000106
00007042
00004619
00003637
00001863
00008232
00002345
00003469
00006196
00001849
00005313
00002140
00005608
00008766
00008153
00007920
00008107
00007558
00004722
00003103
00002094
00009227
00008923
00004658
00005104
00009062
00007101
00003839
00004459
00007981
00003359
00004565
00005022
00009058
00008202
00006886
00007289
00001626
00000354
00003484
00004554
00006746
00006703
00001240
00006591
00004856
00000239
00005776
00002413
00004961
00008879
00005586
00005266
00007801
00001323
00000369
00007942
00008424
00005288
00002400
00007483
00008647
00008044
00002505
00007704
00007324
00000469
00006071
00008950
00001902
00000634
00004583
00008648
00007337
00005823
00006317
00003271
00007141
00002092
00006763
00002101
00000971
00002349
00007368
00009851
00004751
00008816
00007792
00003174
00004103
00001270
00001736
00003829
00009314
00005320
00002611
00006638
00005789
00009762
00006666
00007691
00000395
00001248
00007417
00008811
00008151
00004813
00002082
00005291
00006905
00008845
00007393
00007876
00002272
00005839
00008806
00007023
00004654
00006597
00001276
00009837
00008947
00003012
00003665
00008260
00008332
00006276
00004897
00005199
00006037
00001563
00003968
00007511
00003890
00002463
00006322
00002040
00007276
00009483
00008411
00004181
00009406
00005803
00003135
00002757
00002720
00001940
00009780
00008453
00009617
00002134
00008289
00008563
00005146
00001953
00007901
00004556
00009309
00003877
00009755
00006424
00006519
00003722
00003935
00000408
00006186
00001335
00003528
00003461
00001896
00001938
00007642
00001301
00008820
00001856
00004058
00001539
00003796
00004917
00001070
00004491
00007051
00009360
00004132
00003276
00002391
00002033
00007832
00002778
00005910
00007587
00009203
00002428
00002387
00004216
00003915
00009652
00005551
00008522
00003113
00008526
00000459
00001833
00009827
00000357
00003689
00004964
00002975
00008565
00009881
00004046
00004134
00008010
00003405
00008267
00001285
00006875
00001378
00000196
00009654
00007288
00008862
00008856
00000794
00001248
00004150
00005788
00000900
00009701
00004310
00005092
00009305
00005848
00008004
00009131
00006206
00001693
00005173
00000259
00001336
00006132
00004305
00005470
00005221
00008789
00004815
00006506
00005664
00006193
00007781
00006396
00004559
00006642
00005251
00006432
00008970
00009401
00002220
00000948
00000179
00007609
00006040
00009484
00004535
00004043
00009693
00001819
00006815
00005945
00002079
00009230
00002076
00007463
00004700
00008376
00006252
00009515
00004882
00002994
00006787
00003741
00009390
00001345
00000383
00005719
00007778
00000431
00006198
00001076
00001379
00007456
00009764
00008498
00008018
00004298
00003619
00008789
00006118
00000434
00004733
00008197
00000742
00007889
00006738
00005442
00006264
00002989
00006036
00002224
00007062
00002822
00005966
00007530
00005246
00007428
00003248
00003023
00008938
00000524
00005178
00000316
00007980
00004941
00009893
00005997
00009240
00003511
00004786
00006436
00005024
00009519
00005711
00005767
00008486
00002448
00002287
00004750
00006517
00009402
00008053
00003578
00002223
00004018
00002187
00008549
00002524
00005435
00002650
00001461
00007039
00007829
00002856
00005018
00003848
00002748
00001015
00004166
00007339
00006880
00000601
00003441
00007477
00007391
00009208
00005963
00009840
00002574
00001791
00006356
00001975
00009844
00001012
00005278
00004941
00003199
00003826
00008544
00009714
00007555
00000005
00006752
00005383
00002861
00001769
00009232
00006689
00003863
00004476
00004027
00001821
00005078
00008547
00009299
00002468
00008834
00006340
00003386
00001407
00008131
00009742
00004461
00009053
00001833
00000817
00005072
00005032
00005722
00003616
00004745
00003277
00004700
00002575
00008660
00008640
00004345
00008970
00005328
00009287
00003446
00000433
00001108
00009603
00008981
00001485
00003149
00007814
00007825
00006536
00000299
00007034
00007356
00004760
00007165
00000267
00005578
00002237
00005300
00001299
00006932
00001123
00004576
00001631
00003699
00004315
00001349
00009123
00004363
00007757
00009488
00008888
00008190
00001674
00008490
00008249
00003159
00002718
00007141
00000983
00009254
00008519
00008017
00007688
00004358
00006261
00007956
00001014
00009577
00004334
00003392
00006508
00006536
00007969
00009218
00001313
00003362
00000566
00001514
00008804
00008323
00001002
00007692
00007592
00002676
00006181
00006919
00005836
00009978
00005139
00007898
00000309
00003657
00006994
00007998
00009094
00003254
00007032
00000107
00002830
00001365
00003500
00009338
00008980
00002547
00009634
00000293
00005909
00001278
00001807
00004712
00009602
00002809
00002403
00008272
00006565
00009664
00006269
00003479
00000719
00001407
00001376
00001029
00006144
00008370
00000105
00005237
00002702
00007137
00005345
00005532
00009581
00009924
00005948
00008560
00002470
00005581
00008853
00008379
00007939
00001739
00004169
00008619
00005627
00007652
00006890
00002191
00008394
00004237
00005670
00009113
00005645
00008126
00001220
00002867
00007574
00001325
00009183
00000276
00008462
00005606
00005808
00009121
00005529
00002835
00008760
00007999
00009495
00007612
00007456
00007433
00000429
00002704
00006051
00006057
00000355
00004019
00008248
00009828
00008257
00004997
00000018
00004980
00003122
00001239
00007847
00000695
00002564
00007029
00000971
00002105
00003714
00007859
00001225
00009243
00000693
00009985
00007242
00001266
00008676
00004697
00008700
00009105
00007401
00004750
00006240
00008835
00009849
00004488
00009741
00008105
00000563
00009760
00003084
00003685
00002077
00002009
00005459
00004641
00000116
00007510
00007825
00003830
00006447
00000129
00003073
00008219
00001192
00001393
00009485
00000946
00006090
00008184
00000051
00004570
00004013
00006291
00004483
00003861
00001857
00004224
00003044
00002420
00005062
00007207
00007184
00007139
00009216
00003722
00002858
00009332
00001231
00001762
00004241
00007678
00001891
00008393
00006975
00003083
00009786
00006459
00004030
00006954
00005722
00005160
00002602
00000813
00002529
00007086
00005753
00005466
00002388
00008797
00008965
00008529
00006003
00006149
00006746
00006297
00009871
00000682
00006707
00002180
00002444
00000947
00000936
00004335
00009340
00007911
00008498
00000203
00005448
00003606
00007158
00001169
00009845
00009760
00001982
00003452
00007924
00008814
00008918
00000311
00007610
00007883
00008840
00004691
00005110
00006664
00000987
00006059
00007347
00008774
00008239
00009791
00009721
00009175
00005205
00000139
00008164
00004781
00000342
00003611
00008387
00008579
00005860
00009310
00008339
00008921
00002761
00006262
00007735
00001679
00007653
00006423
00000640
00007571
00002193
00006829
00004235
00004259
00002887
00001581
00003032
00002204
00001371
00003832
00002457
00006576
00003971
00000620
00001356
00005392
00005310
00000821
00003971
00001169
00000130
00002309
00000090
00003971
00009650
00008904
00005650
00007302
00005326
00007369
00004873
00007519
00004197
00000186
00001778
00008163
00001767
00004810
00000366
00003138
00009721
00002823
00000793
00003691
00003443
00003228
00000162
00009832
00005129
00004133
00001001
00006338
00007521
00001091
00000308
00008249
00009995
00007037
00005551
00006399
00004405
00001502
00003918
00009681
00001688
00006775
00007843
00004534
00002663
00009288
00008751
00002384
00002110
00009544
00007154
00006632
00003851
00007316
00006464
00008980
00001448
00008544
00006396
00000047
00009635
00006705
00008297
00000707
00003741
00004926
00008185
00009226
00007507
00003181
00008906
00000273
00009956
00007828
00004807
00003698
00008194
00004636
00007161
00000304
00004180
00004314
00008015
00009110
00001630
00005557
00009168
00004157
00004100
00005563
00005284
00004813
00002267
00004659
00006599
00006009
00009585
00004784
00006313
00008170
00007965
00006297
00008443
00009000
00005203
00004328
00002697
00003397
00008964
00009858
00004780
00004222
00005250
00002794
00004410
00006880
00008352
00003577
00002116
00002451
00009141
00008479
00008344
00002486
00003137
00004942
00009574
00002721
00009726
00005886
00001969
00007691
00002183
00001490
00007769
00007386
00006897
00000465
00000782
00006939
00001401
00005562
00001161
00006651
00009436
00005571
00004610
00008866
00000227
00007805
00002395
00000446
00006283
00000738
00002932
00009420
00005681
00002506
00003219
00005406
00009471
00005188
00004175
00002732
00007757
00001943
00000118
00004653
00003487
00001979
00001591
00004888
00008621
00003831
00002618
00009135
00009403
00008307
00008000
00000708
00006111
00000394
00001154
00003472
00001133
00004086
00003970
00006814
00007671
00007189
00003298
00007142
00003455
00007474
00000952
00001211
00009417
00001070
00006943
00002904
00004129
00008534
00008871
00003828
00002365
00002567
00002962
00002846
00000873
00002040
00003554
00008063
00002434
00005787
00001534
00004646
00009873
00005504
00002538
00008623
00003771
00005837
00006843
00008305
00003310
00007795
00000594
00003805
00009945
00007537
00007788
00005152
00007150
00007738
00008980
00009515
00000304
00003020
00003439
00002257
00005060
00006993
00000319
00008573
00002779
00001854
00004298
00003730
00008437
00006836
00003431
00003287
00002672
00000273
00001591
00007061
00009148
00002186
00001945
00009092
00000801
00009733
00004243
00007951
00008549
00004301
00008544
00008854
00008400
00001982
00001110
00004538
00000053
00002508
00004189
00003911
00004362
00008487
00007642
00003878
00005323
00001072
00007165
00009074
00002425
00009835
00006135
00001572
00003099
00008080
00001742
00004980
00008891
00007064
00002930
00007440
00001364
00001474
00007372
00009764
00004535
00009561
00005380
00004589
00002068
00009569
00008500
00007510
00008056
00007220
00002466
00004457
00009372
00000709
00003530
00001796
00000543
00009665
00004447
00004722
00008823
00006189
00009702
00008793
00003252
00003710
00007311
00005695
00005184
00004682
00006537
00000798
00004242
00001916
00005387
00007389
00001484
00003886
00004898
00000618
00002185
00008443
00005075
00001556
00009152
00008606
00003352
00009696
00009349
00007799
00005496
00009251
00005066
00005197
00008043
00008318
00008907
00005353
00005091
00005170
00001113
00001627
00005968
00006434
00004622
00002433
00003822
00006106
00007398
00009800
00007804
00009583
00008242
00002878
00001138
00007394
00001483
00005569
00008168
00001911
00004446
00003663
00001161
00009512
00009939
00009204
00008908
00009924
00005635
00003998
00006172
00006748
00006704
00003218
00003181
00001325
00005651
00007003
00008511
00004128
00007881
00006314
00003710
00006123
00009192
00005928
00004595
00001754
00001496
00003841
00003665
00005943
00007504
00004826
00005454
00008521
00005108
00005441
00008444
00000742
00009439
00004616
00007490
00007222
00007834
00000670
00008547
00004564
00008752
00008136
00008692
00006633
00004449
00002401
00003834
00004720
00008329
00008429
00006474
00000904
00003348
00000138
00006847
00001930
00006043
00003379
00000450
00001150
00008820
00009973
00001892
00009338
00004588
00000460
00006559
00003501
00001130
00006184
00009144
00000960
00004320
00007835
00007593
00008769
00001314
00002505
00003488
00000722
00002012
00001040
00001626
00005360
00002257
00009552
00007290
00008300
00002930
00007740
00000528
00001750
00008792
00003499
00002166
00004458
00003959
00008725
00007959
00006168
00005987
00007102
00007129
00000306
00006015
00005800
00000154
00007330
00009385
00004721
00008052
00001396
00005762
00000756
00006757
00009098
00000307
00005125
00007398
00003237
00003944
00009005
00006066
00002735
00003583
00008232
00007193
00007542
00008035
00006231
00004789
00004022
00004411
00002996
00005407
00000426
00009875
00005561
00007756
00009259
00000282
00006886
00000655
00007123
00007642
00008491
00007299
00007949
00003615
00005775
00001185
00008638
00004780
00008331
00001372
00008363
00006562
00009645
00006983
00005676
00005875
00001771
00009698
00000285
00005846
00005104
00000711
00005721
00001744
00009546
00004979
00003105
00006431
00006713
00001306
00005151
00005203
00008605
00003099
00009898
00004380
00005364
00008535
00009160
00003694
00000986
00008601
00001334
00000630
00005583
00008089
00007584
00008434
00007786
00007869
00004279
00003969
00009660
00010000
00005713
00000283
00006058
00009897
00007794
00002770
00001202
00002944
00009053
00009807
00007123
00000028
00004186
00002486
00009642
00004424
00007259
00000627
00003024
00009672
00002336
00009687
00007761
00009920
00008120
00006625
00008868
00003477
00000593
00008527
00004556
00007385
00008810
00000613
00007281
00006603
00004462
00008483
00000626
00003514
00009369
00007749
00003542
00003554
00000234
00004263
00009058
00008572
00004890
00002081
00009322
00008306
00002846
00007082
00008225
00000965
00004786
00007092
00004443
00006458
00006697
00008999
00003843
00005507
00000690
00002202
00003188
00005152
00001764
00003814
00008667
00001132
00001562
00003287
00005765
00002875
00008629
00004822
00002525
00003519
00007983
00002926
00001824
00000828
00001086
00001127
00001794
00005872
00009299
00007316
00002330
00005995
00007393
00007252
00001501
00008083
00009454
00005769
00004313
00001217
00000661
00004058
00002349
00003303
00008425
00008115
00007257
00007053
00002936
00000861
00000571
00001997
00003787
00003474
00002826
00004873
00005681
00005699
00000745
00004979
00003014
00003075
00000973
00001485
00000326
00003554
00000646
00000858
00000401
00004959
00002076
00001062
00009018
00005504
00004365
00007442
00003618
00002701
00004494
00007634
00003562
00006145
00009631
00007349
00000697
00003535
00002221
00006378
00009234
00004045
00002435
00002247
00008199
00003409
00004811
00009604
00008042
00005457
00000462
00008443
00000416
00002538
00000583
00009434
00009121
00006028
00006875
00002739
00008729
00002447
00001451
00002290
00008592
00002160
00000717
00000368
00005696
00004017
00006746
00004929
00008063
00000260
00008256
00006261
00003669
00003066
00005865
00002789
00008524
00007406
00002310
00008940
00001022
00002893
00009452
00000142
00008921
00007405
00003960
00008728
00009852
00005411
00001017
00009523
00008651
00002813
00009891
00004346
00006831
00007715
00000353
00004893
00007975
00008609
00002232
00002722
00002754
00009176
00005511
00002356
00006581
00007821
00002374
00007603
00001793
00001825
00007746
00000713
00000308
00001705
00000520
00000159
00008196
00002616
00000760
00006846
00005430
00000650
00002270
00002260
00009445
00002623
00008232
00007419
00002311
00000463
00000141
00005065
00000718
00006731
00007421
00007299
00005631
00000873
00005981
00007424
00002698
00004805
00009216
00004085
00007589
00009736
00004244
00005784
00002352
00006084
00003708
00007782
00007813
00005978
00001120
00007257
00009681
00009352
00004676
00001991
00000893
00005896
00008135
00001611
00002626
00006634
00009990
00009336
00007507
00005970
00006759
00001283
00000774
00005975
00005368
00008363
00006789
00000690
00005226
00009141
00006774
00008934
00008001
00005666
00005991
00009121
00002922
00005671
00009551
00008677
00008741
00000444
00005651
00007954
00003134
00009357
00004587
00003123
00008692
00003172
00000171
00005451
00004455
00002024
00002504
00000901
00000387
00009293
00001591
00006692
00008434
00009445
00006704
00006434
00005110
00003773
00006634
00009111
00000522
00006184
00007788
00009263
00007707
00004517
00007216
00000841
00003873
00002881
00005043
00002565
00006053
00005215
00009095
00001586
00007239
00001598
00002487
00008705
00000890
00004079
00006475
00000402
00004602
00003179
00007916
00009712
00008031
00004549
00008822
00008554
00000732
00007688
00008895
00008440
00002205
00006111
00009281
00007157
00000070
00005402
00009722
00006124
00001695
00009895
00008789
00000013
00001492
00001276
00008718
00003462
00006434
00006272
00004943
00001035
00000529
00002858
00001825
00008560
00007407
00000646
00007113
00008140
00009414
00006008
00006579
00002697
00003197
00006938
00009854
00003267
00003418
00000654
00000469
00005114
00000548
00000337
00005127
00003120
00001613
00004923
00007661
00008047
00001194
00002603
00000160
00001723
00005462
00001985
00001362
00002868
00002631
00008475
00002086
00003123
00005561
00009744
00005820
00009837
00007760
00006753
00004183
00001178
00007407
00004652
00006292
00009034
00004989
00001418
00003232
00007681
00007420
00000892
00006806
00008615
00003496
00006966
00001416
00000036
00008951
00002778
00002904
00002661
00002332
00006070
00006863
00008972
00005813
00002683
00008809
00003573
00000514
00002991
00004751
00007921
00008722
00002121
00008033
00004790
00004618
00001265
00002470
00002037
00003236
00009277
00001730
00006732
00007321
00003147
00007847
00007351
00007004
00000751
00000011
00000414
00007900
00006874
00009387
00003712
00000635
00008195
00008364
00001149
00001185
00003114
00000148
00009907
00006314
00009261
00004696
00000931
00000525
00008246
00002969
00003761
00008601
00005778
00001572
00005921
00008925
00009419
00003271
00007008
00001248
00004361
00007422
00009148
00002314
00007887
00003939
00002949
00006081
00002302
00005178
00008345
00006496
00006405
00009331
00002809
00005665
00005105
00003741
00006190
00003350
00007789
00001030
00001950
00003566
00003681
00008951
00003570
00004178
00003300
00000577
00005427
00007662
00009078
00005653
00009976
00006965
00009592
00004003
00004124
00002973
00000259
00002469
00009469
00006665
00001799
00002277
00002329
00006904
00007097
00009599
00001333
00004885
00001707
00004362
00009531
00005388
00004391
00003100
00009566
00007692
00004756
00006071
00006432
00004912
00001724
00007486
00001876
00002394
00002567
00007080
00005367
00002827
00000627
00005914
00009492
00002426
00009271
00002899
00000408
00006367
00002497
00002820
00001252
00004204
00008262
00000782
00000670
00002652
00004961
00000236
00000343
00009717
00007386
00007854
00004628
00000188
00005339
00007584
00002583
00007907
00005742
00009029
00000733
00006369
00006022
00001303
00009874
00005292
00004202
00001360
00001658
00007779
00004181
00003989
00003061
00002442
00005850
00003732
00006173
00000810
00005047
00006517
00001605
00002432
00005449
00007313
00002621
00000788
00005975
00006283
00008695
00001716
00006390
00000506
00009164
00002411
00002888
00009037
00007703
00007090
00001475
00000440
00005947
00005656
00004429
00009009
00009177
00001358
00002740
00005350
00002168
00007787
00002945
00004853
00001297
00008394
00003244
00003918
00000260
00009219
00001279
00000033
00002013
00007670
00001618
00002255
00000080
00004506
00001291
00008863
00002675
00002766
00009303
00008622
00009502
00004810
00008709
00009757
00006168
00001448
00006185
00009416
00000313
00000208
00004268
00001611
00009682
00008591
00006608
00009942
00008888
00007888
00001054
00000900
00006636
00002672
00004234
00006716
00007179
00005525
00006657
00009854
00009370
00007038
00009554
00009950
00001848
00008263
00009707
00008016
00000789
00006970
00008510
00001103
00007179
00003856
00003793
00006860
00002446
00001479
00007880
00001333
00000445
00008934
00003312
00007081
00001606
00007546
00004876
00008785
00004149
00001532
00009717
00004598
00008571
00000348
00004547
00001497
00008611
00005332
00000591
00000479
00002302
00009102
00001582
00000559
00002957
00006454
00007419
00006483
00007933
00005298
00007816
00008379
00005311
00002207
00005459
00006917
00009753
00001413
00006780
00004981
00002946
00007575
00009579
00002595
00007923
00005204
00004092
00007613
00000536
00004683
00009171
00003917
00003784
00000752
00004476
00007821
00008285
00002973
00004303
00007296
00009350
00003197
00006753
00004660
00005404
00003291
00002655
00006236
00004704
00000513
00001216
00007650
00008088
00001873
00000244
00007090
00007077
00005415
00005781
00008692
00000098
00004951
00003687
00003882
00006782
00009242
00001702
00006145
00002214
00007084
00003440
00002643
00000281
00000193
00007303
00005685
00004563
00001037
00002999
00009267
00001550
00004215
00007996
00000717
00007167
00009319
00007807
00005323
00004734
00004666
00004014
00004832
00009617
00008781
00009793
00007477
00008022
00002574
00003621
00001315
00009658
00007061
00003958
00001017
00008333
00002339
00006703
00002895
00003376
00009702
00002162
00006006
00004996
00001236
00006723
00003241
00000554
00005608
00008564
00005288
00000273
00003657
00001198
00009890
00002437
00000991
00007366
00001537
00003565
00000986
00002852
00004301
00009126
00006810
00005319
00007459
00009150
00003100
00001432
00003604
00003880
00004673
00009610
00009955
00005909
00007411
00003196
00006464
00003018
00002838
00002830
00003291
00006495
00004029
00004259
00000010
00005020
00002703
00001548
00009664
00004768
00005479
00005043
00003894
00002289
00000361
00002431
00002517
00004540
00003863
00007200
00008421
00008537
00007889
00009454
00005524
00005299
00002649
00001987
00008318
00005488
00004818
00001608
00003061
00008847
00005868
00004151
00004945
00009650
00005699
00004608
00004418
00001177
00000729
00008312
00004545
00002170
00000742
00008141
00006710
00005684
00006420
00006209
00005299
00004308
00005663
00000823
00000685
00009391
00003889
00009003
00005957
00008707
00001690
00009019
00008632
00008637
00003169
00003576
00008286
00009947
00009263
00002703
00002202
00001071
00001014
00007827
00003241
00002835
00007046
00009951
00009599
00003465
00007239
00005976
00008852
00003980
00006799
00009538
00003370
00001767
00008540
00009328
00000473
00001308
00009425
00000184
00009945
00003672
00004839
00008231
00004697
00005181
00002012
00007978
00006252
00004106
00005804
00009493
00008020
00003929
00000521
00007618
00008473
00008839
00003594
00007325
00002818
00001471
00006862
00006189
00003238
00006480
00006595
00004791
00008868
00007098
00006054
00008812
00001848
00000892
00008121
00007624
00007152
00000133
00005601
00004482
00005318
00002484
00005053
00003337
00006413
00005575
00002034
00005964
00005492
00006707
00003288
00008311
00008178
00001228
00005578
00002495
00008788
00002172
00008365
00007655
00000348
00004418
00007545
00002196
00006389
00005666
00009820
00003541
00006878
00006499
00008023
00002195
00008983
00003076
00006611
00006474
00009730
00008645
00002438
00005221
00005351
00006805
00004610
00003529
00008034
00000187
00007103
00007900
00002359
00005467
00005554
00003786
00000963
00003098
00005982
00007352
00009843
00006880
00001971
00007799
00003379
00009995
00001072
00003440
00004149
00007684
00009915
00004957
00006328
00003431
00000177
00002758
00000235
00005867
00007366
00008269
00006054
00004468
00006168
00009493
00001013
00002800
00003278
00001976
00006978
00000339
00000406
00007899
00007219
00002378
00005698
00001676
00003451
00007849
00006196
00007600
00005532
00006110
00002556
00002939
00000619
00003812
00005697
00000854
00009679
00003062
00000202
00005733
00008609
00007449
00006304
00009622
00000249
00009582
00002676
00008306
00000999
00003082
00006204
00009298
00005460
00001901
00000973
00008911
00009751
00007169
00006510
00006361
00004357
00000144
00000378
00004976
00005036
00006075
00006910
00005793
00000215
00007112
00002604
00008824
00004560
00008908
00009524
00005888
00008490
00002199
00004193
00009489
00005282
00000397
00008786
00000741
00003377
00000838
00000731
00004206
00009086
00008320
00001646
00004522
00008465
00002024
00000576
00004579
00008100
00007486
00000371
00009394
00005676
00002976
00009297
00000236
00001883
00008820
00007203
00001451
00002098
00001396
00002019
00007380
00001793
00000804
00009200
00006249
00002721
00009931
00000455
00002886
00009330
00002101
00007408
00007794
00004125
00007984
00003451
00003303
00006549
00003822
00003776
00002224
00006798
00003072
00003539
00008682
00002970
00000742
00000132
00005068
00003217
00002151
00002447
00006089
00004035
00002726
00002337
00007835
00003735
00003871
00000720
00003064
00007051
00008128
00001936
00002255
00007191
00005387
00005558
00003739
00009210
00000412
00007042
00007086
00003484
00000581
00005767
00006455
00002402
00006979
00001522
00006698
00000208
00005049
00002786
00005322
00008854
00005123
00003157
00002588
00000073
00003877
00006732
00007124
00003084
00008668
00009379
00001353
00005134
00006016
00005092
00005422
00006428
00003212
00002507
00009913
00004872
00008275
00007446
00008353
00006332
00000046
00005050
00006540
00005095
00007836
00002941
00003948
00004038
00006098
00007616
00004111
00001053
00004347
00002313
00005216
00003014
00001692
00006569
00009227
00008787
00002739
00004648
00005214
00007031
00007156
00006205
00001902
00006509
00004729
00000255
00002840
00004776
00005305
00000458
00009871
00004220
00003399
00004898
00009337
00000575
00002513
00003447
00002708
00006860
00006839
00009003
00000952
00009610
00005572
00000179
00008396
00009390
00005906
00003610
00006420
00003061
00000893
00009402
00009570
00005623
00009657
00003488
00000398
00006040
00003947
00001347
00001338
00008425
00006245
00000674
00000079
00009837
00005200
00003866
00006696
00002039
00002868
00008728
00001648
00009519
00009986
00000044
00008909
00005891
00004733
00006407
00008953
00006705
00005808
00009601
00002327
00006543
00003089
00003804
00003662
00008115
00005152
00005000
00007618
00002475
00005675
00007697
00002312
00001953
00002641
00009008
00003992
00005510
00008814
00006720
00005028
00008799
00007843
00005015
00004690
00002575
00001422
00004721
00009280
00008309
00004321
00002686
00004852
00007410
00006490
00009593
00005524
00001641
00004592
00003142
00004117
00001345
00001917
00007508
00004378
00004559
00006515
00008370
00001147
00006408
00006168
00006175
00005206
00004010
00002269
00000974
00006585
00004770
00005695
00006944
00004157
00000016
00000708
00000087
00008505
00007198
00009680
00005108
00009919
00005351
00008250
00005114
00006696
00001245
00002621
00002152
00006883
00000214
00000522
00008030
00006622
00006690
00005284
00002907
00001779
00007553
00003881
00008364
00003401
00009577
00006386
00007558
00000671
00007094
00007646
00009176
00005371
00007325
00004283
00005289
00002675
00003611
00001481
00000450
00005936
00004102
00002602
00002818
00005395
00004203
00000848
00002017
00001972
00007211
00006003
00003751
00005842
00009884
00003193
00009243
00000538
00000658
00007879
00001209
00008831
00005524
00000385
00004201
00003928
00005747
00000568
00007682
00009359
00002049
00009211
00005294
00007230
00002892
00009191
00002625
00008174
00001117
00005721
00000145
00008328
00001723
00004975
00004169
00002685
00009248
00004490
00003224
00000984
00003448
00004433
00009815
00008972
00005897
00004016
00003978
00001644
00005663
00002739
00002081
00007713
00001949
00008454
00006021
00005920
00008723
00008646
00004094
00009841
00005445
00005318
00009247
00008247
00001372
00004495
00000932
00000619
00008985
00004156
00001603
00002432
00009668
00002496
00002483
00006644
00006512
00007540
00008288
00002175
00000278
00001447
00000966
00003307
00000979
00006987
00009227
00009702
00006712
00003320
00009542
00003235
00008639
00008789
00001482
00000010
00003283
00003493
00001708
00003346
00008728
00004390
00006858
00008395
00006886
00000419
00006117
00004477
00007959
00004404
00007731
00008238
00006930
00009776
00001544
00007909
00006762
00000770
00007611
00004552
00005170
00007152
00007788
00004887
00007019
00000348
00005976
00001380
00003841
00007684
00004727
00002568
00003152
00002663
00002041
00000037
00003082
00008159
00005593
00001040
00003641
00003323
00000356
00000571
00004177
00002979
00009559
00000939
00004829
00007169
00006570
00009999
00005400
00005436
00005964
00003497
00005784
00001939
00004878
00009625
00000701
00000683
00003271
00003853
00003346
00006392
00004969
00007507
00005629
00001641
00009626
00000348
00006043
00009983
00001998
00000220
00002961
00001557
00002238
00008869
00009805
00008808
00009946
00005204
00004244
00005909
00009781
00000027
00007848
00004658
00000731
00008549
00006420
00005081
00003480
00009766
00002551
00009529
00007272
00008180
00001169
00006897
00009608
00008291
00007958
00001605
00008511
00001998
00003162
00000748
00000866
00004046
00009557
00000812
00000328
00004879
00006721
00000108
00004906
00005648
00004766
00006716
00005275
00002264
00002876
00009835
00002029
00005427
00000441
00000379
00004686
00002689
00008356
00004293
00000979
00007392
00005898
00009491
00009390
00000139
00000238
00001335
00005264
00000873
00003226
00005592
00005752
00001025
00005701
00001737
00007752
00001545
00009532
00003027
00003810
00002407
00003940
00006918
00007835
00004381
00008377
00002520
00007070
00006732
00007892
00008049
00005202
00004868
00007539
00005671
00005007
00008857
00007006
00000270
00009730
00001310
00006942
00006561
00002335
00002642
00009377
00001166
00005266
00008908
00004193
00009076
00001315
00008133
00007073
00009150
00002513
00005449
00002748
00009583
00003259
00001718
00008710
00008461
00006586
00006249
00004131
00002672
00006184
00002215
00004021
00006992
00004604
00000962
00003552
00008019
00004683
00002928
00009185
00009950
00001836
00004456
00000103
00004230
00002588
00007176
00004458
00006180
00002624
00007206
00006841
00006962
00000002
00005550
00005423
00006588
00002877
00000632
00000338
00009061
00003927
00004360
00006053
00009610
00006401
00009605
00007628
00001084
00003612
00006812
00002112
00006527
00001267
00002215
00000756
00004934
00009392
00005214
00002192
00003094
00003498
00009033
00000056
00003500
00004583
00006558
00001166
00008539
00008269
00001505
00007600
00003274
00006944
00003652
00002884
00003344
00004335
00000511
00005507
00009026
00008403
00007619
00005552
00000748
00009835
00006308
00006762
00000304
00001521
00008954
00004477
00006098
00007987
00005612
00009598
00003648
00002169
00000764
00002186
00001517
00003348
00000864
00004791
00000291
00005595
00007675
00003635
00001009
00009266
00009143
00000034
00008747
00007840
00006666
00009495
00007674
00004052
00006256
00009057
00005574
00006289
00003534
00002750
00004275
00009146
00002348
00009002
00002394
00004191
00002266
00003911
00007539
00003131
00009781
00007830
00009805
00008535
00002543
00000813
00008879
00002764
00001927
00007625
00000604
00008593
00008198
00009357
00002644
00005533
00008414
00009297
00001821
00003026
00002047
00007175
00003250
00005474
00006176
00005644
00009665
00009521
00000633
00008282
00002651
00000414
00006111
00003535
00000027
00009733
00004348
00008906
00002497
00006275
00006530
00004180
00005946
00005806
00004615
00008591
00001338
00003028
00008966
00004238
00007133
00001012
00001412
00000383
00006486
00008667
00007106
00007229
00008188
00007740
00005510
00001917
00009233
00002699
00005452
00009260
00002432
00009801
00009244
00006008
00007154
00005773
00001266
00003100
00002657
00005881
00002769
00003996
00009989
00001734
00008234
00007121
00003826
00009647
00008583
00001390
00009392
00005689
00008620
00007579
00004507
00005208
00009497
00003739
00007908
00006027
00004077
00001418
00006906
00003320
00008505
00004060
00000171
00009771
00008239
00002828
00005651
00001007
00007903
00006718
00003820
00006137
00004918
00007646
00006862
00003500
00009037
00007332
00000267
00008735
00004911
00004774
00003942
00005486
00009592
00001849
00001512
00004747
00004346
00008419
00009146
00002850
00003557
00000395
00002620
00001795
00003224
00009351
00003881
00002205
00007147
00007701
00008342
00002064
00005347
00006282
00006644
00005462
00003614
00006911
00004196
00009604
00002764
00008138
00006168
00003434
00001066
00007680
00009261
00006491
00007177
00008406
00009342
00001812
00008802
00003040
00003607
00003104
00003469
00008567
00005309
00000616
00006268
00004730
00002680
00002693
00002090
00000402
00008155
00006783
00008393
00002350
00007465
00001156
00001566
00003632
00005669
00003711
00002391
00004929
00000202
00009568
00004414
00009544
00001380
00004294
00003662
00006066
00007398
00007132
00004633
00003785
00007748
00000900
00008515
00001506
00004672
00001684
00001909
00002826
00008467
00001380
00006255
00005932
00002536
00008900
00009564
00009284
00002611
00003033
00005292
00003892
00002601
00000784
00004514
00005060
00005078
00008176
00001125
00003554
00006386
00006837
00007339
00004133
00008816
00006933
00006719
00003487
00008617
00009707
00006313
00008162
00001086
00003646
00005172
00004701
00002546
00005815
00005063
00006236
00008848
00000354
00000127
00001448
00001138
00004641
00007587
00006216
00003895
00008713
00000848
00000281
00006628
00008188
00005493
00005444
00005120
00002211
00008931
00004815
00002996
00006323
00004055
00004082
00009969
00009228
00009862
00003593
00005042
00004925
00009829
00003889
00005279
00009956
00006417
00007497
00005675
00004003
00004791
00000649
00003794
00005640
00000930
00000422
00003827
00006423
00005866
00000025
00009714
00005875
00005919
00002709
00002197
00009974
00007871
00002166
00009201
00007732
00005759
00005321
00002656
00005588
00000289
00009015
00006622
00006706
00006511
00003376
00001787
00001301
00004025
00006661
00008020
00006034
00008162
00002925
00003535
00004027
00004029
00003248
00000980
00009948
00007037
00003178
00001000
00004907
00005344
00000200
00003717
00002181
00006601
00007453
00008848
00006890
00006467
00006549
00003595
00004056
00009925
00006461
00006436
00005028
00003121
00004456
00001061
00001282
00007381
00004596
00006388
00001410
00008924
00007369
00001357
00005960
00000546
00003436
00001945
00006969
00004716
00006741
00009150
00001316
00004193
00009077
00008206
00001738
00005625
00002879
00005794
00005549
00000418
00002230
00001655
00003540
00006686
00002716
00005901
00005145
00008391
00002289
00006555
00007314
00000736
00008992
00004352
00002361
00002427
00007376
00009330
00007143
00004117
00009558
00009538
00009389
00008634
00007743
00001127
00004258
00001700
00006921
00000885
00002119
00000229
00002540
00005659
00006915
00005256
00002638
00002060
00004726
00004927
00009694
00002039
00006742
00008685
00007471
00009103
00002191
00004846
00009511
00000412
00000041
00009069
00009951
00009431
00008781
00008772
00000557
00003039
00000472
00008557
00005003
00002591
00008787
00007544
00009329
00006780
00003878
00001966
00009919
00008604
00007973
00009613
00001722
00004714
00009376
00000271
00004896
00002645
00006196
00004406
00003058
00006238
00004553
00003008
00005668
00003334
00001779
00007304
00007452
00003330
00005860
00002454
00005921
00005725
00001076
00006328
00002505
00004955
00009374
00002423
00004637
00007346
00002035
00007438
00003138
00002490
00008788
00008034
00005135
00004984
00003519
00008193
00001221
00008072
00002279
00007968
00001405
00004059
00005271
00008857
00007389
00002209
00002390
00004389
00007935
00003466
00000716
00000439
00009500
00001168
00002862
00005216
00008514
00005977
00003732
00002731
00008467
00002520
00001843
00003601
00007504
00005362
00001794
00009804
00003434
00005152
00007771
00005918
00009211
00003041
00005854
00007679
00005250
00008244
00003146
00004263
00001709
00004941
00004702
00002288
00006110
00008644
00007504
00005702
00004620
00001235
00008433
00003086
00003755
00001355
00007766
00002337
00006717
00000638
00002140
00001229
00005791
00009911
00008227
00006080
00004030
00004080
00003758
00000359
00002323
00007983
00004622
00005111
00002924
00000403
00008478
00009034
00009047
00005981
00004735
00003666
00008296
00004247
00007831
00002050
00005602
00006675
00005467
00003397
00007314
00007607
00005706
00004183
00008597
00003932
00000262
00002626
00008012
00005100
00004064
00001413
00003082
00009766
00007603
00007085
00000168
00006081
00006118
00009215
00003140
00001932
00003959
00001435
00006179
00002868
00004565
00002859
00009543
00000031
00006256
00007935
00008717
00003040
00003196
00007313
00006972
00004538
00001018
00006062
00009638
00005082
00008554
00003798
00004847
00006157
00000883
00005015
00003316
00007001
00005308
00007535
00000011
00009267
00008971
00007269
00003213
00004614
00000127
00003835
00005724
00007463
00002848
00004440
00000502
00006045
00001753
00007475
00000582
00002771
00004615
00001298
00007853
00003169
00005096
00003779
00000404
00007058
00008794
00004799
00005138
00005181
00002333
00005149
00004447
00002382
00002418
00008740
00008075
00002545
00002574
00003798
00001086
00006501
00008239
00001589
00003624
00009992
00000142
00004206
00003841
00004757
00006583
00001693
00009005
00001679
00006551
00000487
00008737
00005345
00005286
00004953
00000525
00008699
00000102
00006051
00001080
00002520
00005869
00000234
00006144
00009522
00004032
00008310
00006023
00002270
00009899
00009647
00003340
00001119
00004932
00007181
00006955
00001514
00009954
00005960
00004272
00006504
00006447
00004088
00001848
00002812
00009041
00003452
00001510
00009143
00000582
00003669
00002741
00006451
00003903
00009965
00005973
00007936
00008274
00001995
00001284
00009251
00002720
00004625
00001448
00007652
00001805
00008403
00009167
00001758
00005441
00004517
00008263
00002967
00008605
00001189
00005779
00007646
00005721
00007289
00007867
00006303
00002036
00000608
00002753
00007019
00001651
00008726
00004954
00001003
00001799
00007317
00000253
00004520
00001941
00001701
00003250
00004826
00001182
00003495
00006584
00006624
00008013
00005925
00009591
00006617
00007115
00005369
00005341
00003914
00003736
00003208
00000216
00006851
00004895
00002969
00003869
00006546
00002774
00009902
00007549
00005652
00007219
00008881
00001250
00009160
00001660
00005580
00005064
00002842
00009075
00001648
00009466
00007087
00008652
00009056
00004783
00006845
00005503
00000123
00000758
00000317
00004410
00000974
00007169
00000383
00005023
00001037
00006929
00008876
00000939
00005556
00004527
00008158
00005515
00006857
00008396
00007175
00002436
00003460
00001096
00001510
00006187
00000561
00009677
00004838
00000696
00005538
00002762
00007278
00006740
00003520
00007596
00001150
00004495
00004764
00001533
00000596
00005801
00009542
00009472
00007819
00006176
00005077
00007055
00002770
00001933
00005451
00001023
00005448
00009990
00002119
00008038
00006176
00003760
00007714
00002092
00005535
00003251
00004854
00002812
00009991
00009454
00001486
00002219
00005027
00007329
00004832
00005623
00004209
00005452
00006173
00002027
00001627
00001249
00009083
00004397
00004262
00005612
00006500
00000788
00005601
00008619
00008826
00002855
00002378
00006539
00006026
00008992
00000868
00000880
00001804
00001938
00001412
00004369
00004157
00006439
00001698
00008989
00002061
00005907
00004440
00008234
00007934
00007147
00000561
00008095
00002622
00005902
00003706
00009122
00006691
00000385
00008820
00005516
00003240
00002276
00003134
00009267
00001268
00004002
00001225
00004151
00007019
00002637
00008520
00001176
00000154
00000217
00001243
00002215
00006124
00006763
00001527
00005137
00004988
00002088
00003231
00008689
00007991
00006938
00008890
00005760
00007323
00007709
00001275
00001642
00009985
00005488
00001987
00001252
00000569
00004291
00005403
00007588
00008007
00005002
00009843
00008161
00005219
00001086
00000375
00002422
00008928
00002981
00007559
00004994
00005069
00001868
00003682
00004138
00009885
00002571
00009898
00007208
00001358
00002252
00009929
00001343
00007740
00001915
00003674
00008309
00007285
00000156
00006976
00005291
00005158
00006818
00003451
00001455
00008983
00004905
00003877
00007910
00007886
00002514
00003982
00004033
00004383
00008744
00009251
00005346
00001314
00009148
00002553
00002673
00002478
00003560
00005095
00001297
00006554
00008769
00000684
00003838
00008925
00007660
00009129
00005161
00004478
00003658
00006617
00003460
00008563
00001572
00002449
00007527
00005166
00006431
00001560
00009549
00006253
00000810
00005973
00007568
00001036
00008527
00001319
00004594
00003165
00006414
00005891
00009720
00006261
00007654
00003557
00005186
00005314
00003765
00001425
00009792
00007423
00008042
00004330
00007065
00009615
00006779
00005670
00004780
00004289
00008309
00005407
00000541
00009119
00001379
00009188
00001234
00000984
00001585
00006907
00004150
00007999
00003876
00004948
00005339
00001529
00008505
00001603
00006843
00002269
00003028
00007713
00009693
00001070
00003122
00007836
00001763
00000979
00003505
00007622
00005268
00001814
00004107
00006889
00002011
00006565
00007155
00004324
00007550
00008741
00001230
00002778
00007818
00005106
00007726
00004235
00007715
00007309
00005838
00005636
00009579
00008867
00003349
00000349
00009937
00006471
00009264
00002778
00007450
00002768
00000399
00003797
00005661
00005585
00001764
00007673
00002149
00009998
00003075
00000777
00009817
00004306
00003555
00008714
00000490
00002359
00002948
00009284
00000747
00008787
00004920
00000325
00007653
00009348
00001753
00008668
00006897
00002095
00002524
00005425
00004863
00004002
00009222
00001603
00009587
00002064
00009276
00001735
00003141
00002350
00002513
00002957
00007735
00007147
00001670
00009305
00000585
00005698
00008588
00001332
00004484
00004586
00002736
00003215
00003933
00004489
00001882
00000829
00006584
00004406
00006255
00002525
00009487
00006555
00004128
00009073
00009699
00004482
00000807
00002839
00007912
00004399
00006875
00005646
00002625
00008546
00006029
00003210
00004243
00005696
00004542
00009806
00000281
00007278
00003020
00004215
00002845
00005981
00006123
00000507
00001465
00002377
00003032
00000951
00000011
00008240
00000023
00009710
00002721
00001909
00002548
00000632
00006309
00000501
00007358
00008934
00000125
00004465
00003222
00005447
00000160
00007764
00005252
00000442
00006120
00008272
00005736
00008965
00004252
00001858
00009472
00005717
00004236
00003582
00007747
00005326
00001821
00007770
00005035
00005622
00009680
00008662
00006254
00007067
00009163
00004690
00007079
00009289
00009156
00000300
00004735
00009316
00008064
00001066
00000836
00004183
00000416
00006572
00004226
00004669
00008431
00003697
00001464
00003745
00007279
00009212
00009071
00000179
00008060
00005184
00005801
00007739
00003845
00003133
00005884
00004086
00007824
00002962
00004453
00008058
00003262
00009189
00007373
00002404
00001333
00009289
00007666
00001749
00005860
00001891
00007497
00005369
00006667
00008962
00000192
00005025
00009252
00009263
00005204
00008390
00005525
00002083
00007208
00009370
00005216
00003091
00004535
00004118
00007133
00008988
00002175
00001473
00009255
00000627
00003878
00000587
00009916
00002622
00002337
00006854
00005593
00009834
00002223
00003338
00009874
00002415
00008363
00000203
00002757
00004645
00008594
00008282
00006728
00005801
00008731
00003023
00008892
00003265
00007141
00007103
00002252
00000395
00008577
00001507
00001022
00003533
00002094
00000937
00007234
00004431
00007791
00002826
00005344
00001092
00006165
00005217
00003508
00005606
00005421
00007344
00000251
00004014
00005625
00008058
00000893
00004355
00001080
00000863
00007620
00009301
00007967
00000951
00009696
00006543
00002458
00000717
00000075
00005631
00002733
00007309
00001141
00001602
00001214
00006485
00002695
00008458
00002780
00007282
00004063
00008201
00004625
00004314
00003293
00000249
00003451
00004186
00005684
00004531
00005050
00004382
00003831
00004095
00005333
00004605
00000637
00008870
00005322
00001791
00005580
00009134
00000178
00006721
00000736
00002471
00004284
00003431
00000928
00007064
00001791
00004992
00006344
00006416
00000384
00000715
00007744
00003835
00005981
00004506
00008367
00002109
00008889
00003276
00006204
00004221
00007882
00006841
00004170
00004282
00009711
00009750
00003416
00000967
00006470
00004152
00003439
00001832
00008662
00004367
00009975
00000452
00009359
00007397
00007947
00009744
00008113
00006769
00003578
00004093
00001275
00003023
00007281
00000163
00007379
00003484
00005463
00005260
00001403
00009633
00000620
00001113
00000460
00004036
00002080
00008009
00008188
00005519
00009841
00007928
00000965
00000894
00009459
00000323
00008291
00007405
00001145
00006403
00004174
00005803
00001574
00006528
00009905
00008855
00006691
00007283
00003417
00003232
00003621
00004820
00003944
00004242
00007012
00004404
00008278
00009093
00002413
00007545
00005690
00003332
00005472
00007734
00004226
00004931
00009137
00002517
00003414
00000281
00009999
00008667
00007163
00002652
00005194
00007068
00002585
00002963
00004350
00006003
00006196
00007972
00001901
00000139
00002213
00008914
00005622
00001569
00009085
00009114
00009114
00005853
00002446
00005665
00003587
00007751
00001674
00002723
00001346
00005088
00004083
00001345
00003755
00001246
00005076
00000027
00009393
00007661
00002991
00004821
00004742
00000265
00002792
00006644
00001483
00006084
00005557
00007105
00008733
00005720
00006219
00007846
00001572
00009744
00003510
00005159
00008573
00005184
00008961
00009920
00001351
00004123
00002343
00006185
00005369
00007419
00006212
00005840
00006158
00000281
00000660
00000900
00000546
00004532
00007544
00002029
00001694
00004179
00000213
00000426
00009899
00007511
00008273
00002549
00008333
00002861
00008788
00006905
00009125
00007748
00007903
00000475
00001870
00000245
00007739
00008318
00008743
00003950
00004157
00005980
00004232
00005897
00006880
00005857
00000428
00005502
00008966
00003201
00000759
00009179
00003628
00001736
00006689
00002979
00004285
00006100
00005840
00003072
00003004
00006043
00000820
00000907
00007597
00003769
00002231
00005335
00003166
00002053
00009286
00007323
00008033
00004596
00004298
00005991
00001531
00005805
00001492
00000496
00009007
00003330
00000753
00002634
00005066
00008521
00005613
00009351
00004620
00002531
00002423
00007625
00009654
00004322
00009611
00007250
00009170
00002920
00002585
00002335
00006052
00001870
00000737
00004084
00007545
00005035
00001153
00009076
00000840
00002645
00000651
00009847
00007054
00001404
00003559
00002119
00009926
00000250
00001470
00005624
00003860
00004972
00003248
00003513
00009294
00003937
00000763
00008463
00007937
00003348
00001877
00003988
00006297
00002614
00008073
00004920
00007649
00000304
00005074
00009568
00002950
00005725
00000492
00001082
00008209
00004051
00003202
00009213
00005380
00004672
00004836
00009241
00009644
00009164
00003832
00000015
00004179
00004595
00009557
00002115
00009022
00001433
00006104
00006397
00004047
00005255
00001316
00002775
00005559
00006391
00002342
00009588
00003194
00002835
00000670
00001402
00007965
00003872
00000614
00003345
00009623
00006530
00003664
00000344
00005693
00007496
00001438
00009872
00003170
00000994
00001987
00002191
00003507
00009170
00008589
00008633
